name: Borsky Park
latitude: 49.72181576655784
longitude: 13.364953994750977
radius: 300
icon: mdi:tree