name: Home
latitude: 49.762731
longitude: 13.347626
radius: 50
icon: mdi:home