name: Home
latitude: 49.7328439
longitude: 13.3693153
radius: 50
icon: mdi:home