name: Home
latitude: 49.732727
longitude: 13.268808
radius: 50
icon: mdi:home