name: Patrik Work
latitude: 49.7411934
longitude: 13.3762911
radius: 100
icon: mdi:wrench