http_password: 5069200596
openweather_secret: Wh00/Ps1nky
openweather_api_key: 78a8e87b074edd9ae5d4712c68da8fa0
darksky_api_key: 1e44286cb8ffdd711406fd9acf87719d
home_latitude: 49.7328439
home_longitude: 13.3693153
elevation: 344
apple_tv_login_id: 00000000-10d7-845f-a073-ca27f3254b7e
apple_tv_ip: 172.70.32.197
mqtt_ip: 127.0.0.1
nas_ip: 172.70.32.221
nas_port: 5000
nas_mac: 50:e5:49:9e:6a:2e
nas_username: admin
nas_password: Password.
samsung_ip: 172.70.32.115
thermo_living_room_mac: '2E:1C:6D:82:00:8B'
