http_password: 0000000000
openweather_secret: 0000000000
openweather_api_key: 000000000000000000000000000000
darksky_api_key: 000000000000000000000000000000
home_latitude: 00.0000000
home_longitude: 00.0000000
elevation: 0
apple_tv_login_id: 00000000-0000-0000-0000-000000000000
apple_tv_ip: 10.0.0.12
nas_ip: 10.0.0.13
nas_port: 1000
nas_mac: 00:00:00:00:00:00
nas_username: admin
nas_password: admin
samsung_ip: 10.0.0.14
thermostat_mac: '00:00:22:33:44:55'
